AccTrain: 0.7673545966228893 AccTest: 0.7584269662921348
AccTrain: 0.7713214620431116 AccTest: 0.7542213883677298
AccTrain: 0.7497656982193065 AccTest: 0.7673545966228893
AccTrain: 0.761875 AccTest: 0.776735459662289
